X pessoas encontraram Y
36521 0
13256 1
9762 2
6332 3
3954 4
2728 5
1969 6
1440 7
1177 8
937 9
756 10
667 11
533 12
486 13
394 14
356 15
344 16
309 17
281 18
240 19
211 20
194 21
181 22
154 23
159 24
150 25
137 26
134 27
130 28
120 29
107 30
82 31
113 32
83 33
82 34
86 35
75 36
83 37
83 38
67 39
54 40
54 41
48 42
51 43
61 44
32 45
54 46
44 47
40 48
38 49
27 50
24 51
39 52
27 53
27 54
23 55
29 56
21 57
28 58
23 59
18 60
20 61
19 62
21 63
14 64
19 65
11 66
16 67
14 68
18 69
13 70
15 71
18 72
11 73
15 74
18 75
15 76
13 77
12 78
13 79
10 80
7 81
9 82
8 83
12 84
8 85
6 86
9 87
7 88
5 89
4 90
4 91
8 92
9 93
7 94
3 95
8 96
5 97
5 98
6 99
4 100
3 101
10 102
5 103
7 104
2 105
9 106
3 107
2 108
8 109
4 110
4 111
6 112
5 113
4 114
8 115
1 116
9 117
3 118
2 119
2 120
4 121
4 122
3 123
3 124
3 125
3 126
3 127
3 128
4 130
2 131
5 132
3 133
2 134
2 135
3 136
2 137
5 138
2 139
3 140
4 142
3 143
1 144
3 145
2 146
5 147
3 148
1 149
2 150
3 151
2 152
3 154
4 155
3 156
2 157
2 158
2 159
4 160
1 162
1 163
1 165
2 166
2 167
1 168
1 169
2 170
2 171
2 172
1 173
1 176
1 178
1 179
2 180
3 181
4 183
1 185
2 186
2 187
2 188
1 193
2 205
1 216
1 232
